209 112 -27 -107 -8 -15 74 73 -61 16
112 225 12 -177 40 68 58 10 -17 -57
-27 12 177 -71 15 28 -45 19 -42 -37
-107 -177 -71 214 43 6 -31 10 87 80
-8 40 15 43 233 43 80 155 25 12
-15 68 28 6 43 162 -58 -27 106 27
74 58 -45 -31 80 -58 248 7 11 -62
73 10 19 10 155 -27 7 234 -57 61
-61 -17 -42 87 25 106 11 -57 246 48
16 -57 -37 80 12 27 -62 61 48 217